000000001
003200001
006400001
009600001
012800001
016000001
019200001
022400001
025600001
028800001
032000001
035200001
038400001
041600001
044800001
048000001
051200001
054400001
057600001
060800001
064000001
067200001
070400001
073600001
076800001
080000001
083200001
086400001
089600001
092800001
096000001
099200001
102400001
105600001
108800001
000000321
003200320
006400320
009600321
012800320
016000320
019200320
022400321
025600320
028800320
032000320
035200321
038400320
041600321
044800320
048000320
051200320
054400320
057600320
060800320
064000320
067200320
070400320
073600320
076800320
080000320
083200321
086400320
089600320
092800320
096000320
099200320
102400321
105600320
108800321
000000641
003200640
006400641
009600641
012800640
016000641
019200640
022400640
025600640
028800641
032000640
035200640
038400640
041600640
044800640
048000641
051200641
054400641
057600640
060800641
064000640
067200640
070400641
073600641
076800641
080000641
083200641
086400641
089600641
092800641
096000641
099200640
102400640
105600640
108800641
000000961
003200960
006400960
009600961
012800960
016000961
019200961
022400961
025600961
028800961
032000960
035200961
038400961
041600961
044800960
048000961
051200960
054400960
057600960
060800961
064000960
067200961
070400961
073600960
076800960
080000960
083200960
086400961
089600960
092800960
096000960
099200960
102400961
105600960
108800961
000001281
003201281
006401280
009601280
012801280
016001280
019201281
022401280
025601280
028801281
032001280
035201281
038401280
041601281
044801281
048001281
051201280
054401281
057601281
060801281
064001280
067201281
070401280
073601280
076801281
080001281
083201280
086401281
089601281
092801281
096001281
099201281
102401281
105601280
108801281
000001601
003201601
006401601
009601601
012801601
016001600
019201601
022401601
025601600
028801601
032001601
035201601
038401600
041601600
044801600
048001600
051201600
054401601
057601600
060801600
064001600
067201600
070401600
073601601
076801601
080001600
083201600
086401600
089601600
092801600
096001600
099201600
102401600
105601600
108801601
000001921
003201920
006401920
009601920
012801921
016001920
019201920
022401921
025601920
028801920
032001920
035201920
038401920
041601921
044801920
048001921
051201920
054401921
057601920
060801921
064001921
067201921
070401920
073601921
076801920
080001921
083201920
086401921
089601921
092801921
096001920
099201921
102401921
105601920
108801921
000002241
003202240
006402241
009602240
012802241
016002241
019202241
022402241
025602240
028802241
032002241
035202241
038402241
041602241
044802240
048002241
051202240
054402241
057602240
060802241
064002240
067202240
070402240
073602240
076802240
080002240
083202240
086402240
089602240
092802240
096002240
099202241
102402240
105602240
108802241
000002561
003202560
006402561
009602560
012802560
016002560
019202560
022402560
025602560
028802561
032002560
035202560
038402560
041602560
044802560
048002561
051202561
054402561
057602560
060802561
064002561
067202561
070402561
073602560
076802561
080002561
083202561
086402561
089602561
092802561
096002560
099202561
102402561
105602561
108802561
000002881
003202881
006402881
009602881
012802880
016002881
019202881
022402881
025602880
028802881
032002881
035202881
038402881
041602880
044802880
048002881
051202880
054402881
057602880
060802880
064002881
067202880
070402880
073602880
076802880
080002881
083202880
086402881
089602880
092802880
096002880
099202880
102402880
105602880
108802881
000003201
003203200
006403200
009603200
012803200
016003200
019203201
022403200
025603200
028803200
032003200
035203200
038403201
041603201
044803201
048003201
051203200
054403201
057603201
060803200
064003201
067203201
070403201
073603200
076803200
080003200
083203200
086403201
089603200
092803201
096003200
099203201
102403201
105603200
108803201
000003521
003203521
006403521
009603521
012803521
016003520
019203521
022403521
025603521
028803521
032003521
035203520
038403521
041603520
044803520
048003520
051203520
054403520
057603520
060803520
064003521
067203520
070403520
073603520
076803521
080003521
083203520
086403521
089603520
092803521
096003520
099203520
102403521
105603520
108803521
000003841
003203840
006403840
009603840
012803841
016003840
019203840
022403840
025603840
028803840
032003841
035203840
038403841
041603841
044803841
048003841
051203841
054403841
057603841
060803841
064003841
067203841
070403841
073603841
076803841
080003840
083203840
086403841
089603840
092803841
096003841
099203841
102403841
105603840
108803841
000004161
003204160
006404161
009604160
012804161
016004161
019204161
022404161
025604161
028804161
032004161
035204160
038404160
041604160
044804160
048004160
051204160
054404161
057604160
060804161
064004160
067204160
070404160
073604160
076804160
080004160
083204161
086404161
089604160
092804161
096004160
099204160
102404160
105604160
108804161
000004481
003204480
006404481
009604480
012804480
016004480
019204480
022404481
025604480
028804480
032004480
035204480
038404480
041604481
044804481
048004481
051204480
054404480
057604480
060804481
064004480
067204481
070404481
073604481
076804481
080004481
083204481
086404480
089604480
092804481
096004480
099204481
102404480
105604480
108804481
000004801
003204801
006404801
009604801
012804800
016004801
019204800
022404800
025604800
028804801
032004801
035204801
038404800
041604800
044804800
048004801
051204800
054404801
057604800
060804800
064004800
067204801
070404800
073604800
076804800
080004800
083204801
086404801
089604801
092804801
096004800
099204801
102404801
105604801
108804801
000005121
003205120
006405120
009605120
012805120
016005121
019205121
022405121
025605120
028805120
032005120
035205120
038405120
041605121
044805120
048005121
051205120
054405121
057605120
060805121
064005121
067205121
070405120
073605121
076805120
080005120
083205120
086405120
089605120
092805120
096005120
099205120
102405120
105605120
108805121
000005441
003205440
006405441
009605440
012805440
016005440
019205440
022405440
025605441
028805441
032005440
035205441
038405440
041605441
044805440
048005441
051205440
054405441
057605440
060805441
064005440
067205440
070405440
073605441
076805441
080005441
083205441
086405441
089605440
092805441
096005441
099205441
102405441
105605440
108805441
000005761
003205760
006405760
009605760
012805761
016005761
019205761
022405760
025605760
028805760
032005760
035205761
038405760
041605761
044805760
048005761
051205760
054405761
057605761
060805761
064005760
067205761
070405760
073605760
076805760
080005760
083205760
086405761
089605760
092805761
096005760
099205760
102405761
105605760
108805761
000006081
003206081
006406081
009606080
012806081
016006080
019206081
022406080
025606081
028806081
032006081
035206081
038406080
041606080
044806080
048006081
051206080
054406081
057606080
060806080
064006080
067206081
070406081
073606080
076806081
080006081
083206081
086406081
089606080
092806081
096006080
099206081
102406081
105606080
108806081
000006401
003206400
006406400
009606400
012806401
016006400
019206401
022406400
025606401
028806400
032006400
035206400
038406400
041606401
044806400
048006400
051206400
054406401
057606401
060806401
064006400
067206400
070406401
073606400
076806400
080006401
083206400
086406400
089606400
092806401
096006400
099206401
102406400
105606400
108806401
000006721
003206721
006406721
009606720
012806721
016006720
019206721
022406721
025606721
028806721
032006720
035206721
038406721
041606721
044806720
048006721
051206721
054406721
057606720
060806721
064006721
067206720
070406721
073606720
076806721
080006721
083206721
086406721
089606721
092806721
096006720
099206721
102406721
105606721
108806721
000007041
003207040
006407040
009607040
012807041
016007040
019207040
022407040
025607040
028807040
032007040
035207041
038407040
041607040
044807040
048007041
051207040
054407040
057607040
060807040
064007040
067207040
070407041
073607040
076807040
080007040
083207040
086407040
089607040
092807040
096007040
099207040
102407040
105607040
108807041
000007361
003207361
006407361
009607361
012807361
016007361
019207361
022407361
025607361
028807361
032007361
035207361
038407361
041607361
044807361
048007361
051207361
054407361
057607361
060807361
064007361
067207361
070407361
073607361
076807361
080007361
083207361
086407361
089607361
092807361
096007361
099207361
102407361
105607361
108807361