000000001
003200001
006400001
009600001
012800001
016000001
019200001
022400001
025600001
028800001
032000001
035200001
038400001
041600001
044800001
048000001
051200001
054400001
057600001
060800001
064000001
067200001
070400001
073600001
076800001
080000001
083200001
086400001
089600001
092800001
096000001
099200001
102400001
105600001
108800001
000000321
003200320
006400320
009600320
012800321
016000320
019200320
022400320
025600321
028800320
032000320
035200320
038400321
041600320
044800320
048000320
051200320
054400320
057600321
060800320
064000320
067200320
070400320
073600320
076800320
080000321
083200320
086400320
089600320
092800321
096000320
099200320
102400320
105600320
108800321
000000641
003200640
006400641
009600640
012800640
016000640
019200641
022400640
025600641
028800640
032000641
035200640
038400641
041600640
044800641
048000641
051200640
054400641
057600641
060800641
064000641
067200641
070400640
073600641
076800640
080000640
083200640
086400641
089600640
092800640
096000640
099200641
102400640
105600640
108800641
000000961
003200960
006400961
009600961
012800961
016000961
019200961
022400960
025600960
028800960
032000961
035200960
038400960
041600960
044800960
048000960
051200960
054400960
057600960
060800960
064000960
067200961
070400960
073600961
076800960
080000961
083200961
086400961
089600961
092800961
096000961
099200961
102400961
105600960
108800961
000001281
003201280
006401280
009601280
012801280
016001280
019201281
022401281
025601281
028801281
032001281
035201281
038401280
041601281
044801281
048001281
051201281
054401281
057601281
060801281
064001280
067201281
070401280
073601280
076801280
080001281
083201280
086401280
089601280
092801280
096001280
099201280
102401281
105601280
108801281
000001601
003201600
006401601
009601601
012801601
016001600
019201601
022401600
025601600
028801601
032001600
035201600
038401600
041601600
044801600
048001600
051201600
054401600
057601600
060801601
064001600
067201600
070401600
073601601
076801601
080001601
083201600
086401601
089601601
092801601
096001601
099201600
102401601
105601600
108801601
000001921
003201920
006401921
009601920
012801921
016001921
019201921
022401921
025601920
028801921
032001920
035201921
038401921
041601921
044801920
048001921
051201921
054401921
057601920
060801921
064001920
067201921
070401920
073601920
076801920
080001920
083201920
086401920
089601920
092801920
096001920
099201920
102401921
105601920
108801921
000002241
003202240
006402241
009602240
012802240
016002240
019202240
022402240
025602240
028802240
032002240
035202240
038402240
041602241
044802240
048002240
051202240
054402240
057602240
060802241
064002240
067202241
070402241
073602241
076802240
080002241
083202241
086402240
089602241
092802241
096002241
099202241
102402241
105602241
108802241
000002561
003202561
006402561
009602561
012802561
016002561
019202561
022402561
025602561
028802561
032002561
035202560
038402561
041602561
044802560
048002561
051202560
054402560
057602561
060802560
064002560
067202560
070402560
073602561
076802560
080002560
083202560
086402560
089602560
092802560
096002560
099202560
102402560
105602560
108802561
000002881
003202880
006402880
009602880
012802880
016002880
019202880
022402880
025602880
028802880
032002880
035202880
038402880
041602881
044802880
048002881
051202880
054402881
057602881
060802881
064002881
067202881
070402880
073602881
076802881
080002881
083202880
086402881
089602881
092802880
096002881
099202881
102402881
105602880
108802881
000003201
003203200
006403201
009603201
012803201
016003201
019203201
022403200
025603201
028803201
032003201
035203201
038403201
041603201
044803200
048003201
051203200
054403200
057603201
060803200
064003200
067203200
070403200
073603201
076803200
080003200
083203200
086403200
089603201
092803200
096003201
099203200
102403200
105603200
108803201
000003521
003203520
006403521
009603520
012803520
016003520
019203521
022403520
025603521
028803520
032003520
035203520
038403520
041603521
044803521
048003521
051203520
054403521
057603521
060803521
064003521
067203521
070403521
073603521
076803521
080003521
083203521
086403521
089603521
092803520
096003521
099203521
102403521
105603521
108803521
000003841
003203840
006403841
009603841
012803841
016003840
019203841
022403840
025603841
028803841
032003841
035203841
038403840
041603840
044803840
048003840
051203840
054403841
057603840
060803840
064003840
067203840
070403840
073603840
076803840
080003840
083203840
086403840
089603841
092803840
096003840
099203841
102403840
105603840
108803841
000004161
003204160
006404160
009604160
012804161
016004160
019204160
022404160
025604161
028804160
032004160
035204161
038404160
041604161
044804160
048004161
051204160
054404161
057604160
060804161
064004161
067204161
070404160
073604161
076804161
080004161
083204161
086404160
089604161
092804161
096004160
099204161
102404160
105604161
108804161
000004481
003204481
006404481
009604481
012804481
016004480
019204481
022404481
025604481
028804481
032004480
035204481
038404481
041604481
044804481
048004481
051204481
054404481
057604480
060804480
064004481
067204480
070404480
073604480
076804481
080004480
083204481
086404480
089604480
092804480
096004480
099204480
102404480
105604480
108804481
000004801
003204800
006404800
009604800
012804800
016004800
019204800
022404800
025604800
028804800
032004800
035204801
038404800
041604800
044804800
048004800
051204800
054404800
057604800
060804800
064004800
067204800
070404800
073604801
076804801
080004800
083204801
086404801
089604801
092804801
096004801
099204801
102404800
105604801
108804801
000005121
003205120
006405121
009605121
012805121
016005121
019205121
022405121
025605121
028805120
032005121
035205120
038405121
041605121
044805121
048005121
051205121
054405120
057605121
060805121
064005121
067205121
070405120
073605120
076805120
080005120
083205120
086405120
089605120
092805120
096005120
099205120
102405120
105605120
108805121
000005441
003205440
006405441
009605440
012805440
016005440
019205440
022405440
025605441
028805440
032005441
035205440
038405441
041605440
044805440
048005440
051205441
054405440
057605441
060805440
064005440
067205441
070405440
073605441
076805440
080005441
083205441
086405441
089605440
092805441
096005440
099205441
102405441
105605440
108805441
000005761
003205760
006405761
009605761
012805761
016005761
019205761
022405760
025605761
028805761
032005761
035205760
038405761
041605761
044805761
048005760
051205760
054405760
057605761
060805761
064005760
067205761
070405760
073605761
076805760
080005760
083205760
086405761
089605760
092805761
096005760
099205761
102405760
105605760
108805761
000006081
003206080
006406080
009606080
012806080
016006080
019206081
022406080
025606080
028806080
032006080
035206080
038406080
041606080
044806081
048006080
051206081
054406080
057606080
060806080
064006080
067206081
070406080
073606081
076806081
080006081
083206080
086406080
089606080
092806081
096006080
099206081
102406080
105606081
108806081
000006401
003206400
006406401
009606401
012806401
016006400
019206401
022406400
025606401
028806401
032006401
035206401
038406401
041606400
044806401
048006400
051206401
054406401
057606401
060806400
064006400
067206401
070406400
073606401
076806400
080006400
083206400
086406401
089606400
092806401
096006400
099206401
102406400
105606400
108806401
000006721
003206720
006406721
009606720
012806721
016006721
019206721
022406720
025606721
028806720
032006720
035206720
038406721
041606720
044806721
048006720
051206720
054406720
057606721
060806720
064006721
067206721
070406720
073606721
076806721
080006721
083206720
086406721
089606720
092806721
096006721
099206721
102406721
105606721
108806721
000007041
003207040
006407041
009607040
012807040
016007040
019207040
022407040
025607040
028807040
032007041
035207040
038407040
041607040
044807041
048007040
051207041
054407040
057607041
060807040
064007040
067207040
070407040
073607041
076807040
080007040
083207040
086407041
089607040
092807040
096007040
099207040
102407040
105607040
108807041
000007361
003207361
006407361
009607361
012807361
016007361
019207361
022407361
025607361
028807361
032007361
035207361
038407361
041607361
044807361
048007361
051207361
054407361
057607361
060807361
064007361
067207361
070407361
073607361
076807361
080007361
083207361
086407361
089607361
092807361
096007361
099207361
102407361
105607361
108807361

