000000001
003200001
006400001
009600001
012800001
016000001
019200001
022400001
025600001
028800001
032000001
035200001
038400001
041600001
044800001
048000001
051200001
054400001
057600001
060800001
064000001
067200001
070400001
073600001
076800001
080000001
083200001
086400001
089600001
092800001
096000001
099200001
102400001
105600001
108800001
000000321
003200320
006400320
009600320
012800320
016000321
019200320
022400320
025600320
028800320
032000320
035200320
038400320
041600320
044800320
048000320
051200320
054400320
057600320
060800321
064000320
067200320
070400320
073600321
076800320
080000320
083200320
086400321
089600320
092800320
096000320
099200320
102400320
105600320
108800321
000000641
003200641
006400641
009600641
012800640
016000641
019200641
022400640
025600641
028800641
032000641
035200640
038400641
041600641
044800641
048000640
051200641
054400640
057600640
060800641
064000640
067200640
070400640
073600641
076800640
080000640
083200640
086400641
089600641
092800640
096000641
099200640
102400641
105600641
108800641
000000961
003200960
006400961
009600960
012800960
016000960
019200961
022400961
025600961
028800960
032000961
035200961
038400961
041600960
044800961
048000960
051200961
054400961
057600961
060800960
064000961
067200961
070400960
073600961
076800961
080000961
083200960
086400961
089600960
092800960
096000961
099200960
102400961
105600960
108800961
000001281
003201280
006401281
009601280
012801281
016001280
019201280
022401280
025601280
028801280
032001280
035201280
038401280
041601280
044801281
048001280
051201280
054401280
057601280
060801280
064001280
067201280
070401280
073601280
076801280
080001281
083201280
086401281
089601281
092801280
096001281
099201280
102401281
105601280
108801281
000001601
003201600
006401600
009601600
012801601
016001601
019201601
022401601
025601601
028801600
032001601
035201601
038401601
041601600
044801601
048001601
051201601
054401601
057601601
060801601
064001600
067201601
070401601
073601601
076801600
080001600
083201600
086401601
089601600
092801600
096001600
099201600
102401600
105601600
108801601
000001921
003201920
006401921
009601920
012801920
016001920
019201921
022401920
025601920
028801920
032001920
035201920
038401920
041601920
044801920
048001920
051201920
054401920
057601920
060801921
064001921
067201921
070401920
073601921
076801921
080001921
083201920
086401920
089601920
092801921
096001921
099201921
102401921
105601921
108801921
000002241
003202240
006402241
009602241
012802241
016002240
019202241
022402241
025602241
028802241
032002241
035202240
038402241
041602241
044802241
048002241
051202241
054402241
057602240
060802240
064002240
067202240
070402240
073602240
076802240
080002240
083202240
086402241
089602240
092802240
096002240
099202240
102402240
105602240
108802241
000002561
003202560
006402560
009602560
012802561
016002560
019202561
022402560
025602560
028802560
032002560
035202560
038402560
041602560
044802560
048002560
051202560
054402561
057602560
060802560
064002561
067202561
070402561
073602561
076802561
080002561
083202560
086402561
089602561
092802561
096002561
099202561
102402561
105602561
108802561
000002881
003202881
006402881
009602881
012802881
016002880
019202881
022402881
025602881
028802881
032002881
035202881
038402880
041602881
044802881
048002881
051202880
054402881
057602881
060802880
064002880
067202880
070402881
073602880
076802880
080002881
083202880
086402881
089602880
092802880
096002880
099202880
102402880
105602880
108802881
000003201
003203200
006403200
009603200
012803200
016003200
019203200
022403200
025603200
028803200
032003200
035203201
038403200
041603200
044803200
048003201
051203200
054403200
057603201
060803201
064003201
067203200
070403201
073603200
076803201
080003201
083203200
086403201
089603200
092803201
096003201
099203201
102403200
105603201
108803201
000003521
003203521
006403521
009603521
012803521
016003520
019203521
022403521
025603521
028803521
032003520
035203521
038403520
041603521
044803521
048003521
051203521
054403520
057603520
060803520
064003520
067203520
070403520
073603520
076803521
080003520
083203520
086403521
089603520
092803521
096003520
099203521
102403520
105603520
108803521
000003841
003203840
006403840
009603840
012803841
016003840
019203840
022403840
025603840
028803841
032003840
035203840
038403840
041603840
044803840
048003840
051203841
054403840
057603841
060803841
064003841
067203841
070403841
073603840
076803841
080003841
083203841
086403841
089603840
092803841
096003840
099203841
102403840
105603841
108803841
000004161
003204160
006404161
009604160
012804161
016004161
019204161
022404161
025604160
028804161
032004161
035204161
038404160
041604160
044804160
048004160
051204160
054404160
057604160
060804160
064004160
067204160
070404160
073604160
076804160
080004160
083204160
086404160
089604160
092804161
096004160
099204160
102404160
105604160
108804161
000004481
003204480
006404481
009604480
012804480
016004480
019204480
022404481
025604480
028804481
032004480
035204481
038404480
041604481
044804481
048004481
051204480
054404481
057604481
060804481
064004481
067204481
070404480
073604481
076804481
080004481
083204480
086404481
089604481
092804481
096004481
099204481
102404480
105604481
108804481
000004801
003204801
006404801
009604801
012804801
016004801
019204800
022404801
025604800
028804801
032004800
035204800
038404800
041604800
044804801
048004800
051204800
054404800
057604800
060804801
064004800
067204800
070404800
073604801
076804800
080004800
083204800
086404800
089604800
092804800
096004800
099204800
102404800
105604800
108804801
000005121
003205120
006405120
009605120
012805120
016005120
019205120
022405120
025605120
028805121
032005121
035205121
038405121
041605120
044805120
048005120
051205121
054405121
057605120
060805121
064005120
067205121
070405120
073605121
076805120
080005121
083205121
086405121
089605121
092805121
096005121
099205121
102405121
105605120
108805121
000005441
003205441
006405441
009605441
012805441
016005441
019205441
022405441
025605440
028805441
032005440
035205440
038405440
041605440
044805441
048005440
051205440
054405440
057605440
060805440
064005440
067205441
070405440
073605440
076805440
080005441
083205440
086405440
089605440
092805440
096005440
099205440
102405441
105605441
108805441
000005761
003205760
006405760
009605760
012805760
016005760
019205760
022405761
025605760
028805761
032005760
035205761
038405760
041605761
044805761
048005761
051205761
054405760
057605761
060805761
064005761
067205761
070405760
073605761
076805760
080005761
083205760
086405761
089605761
092805761
096005761
099205760
102405760
105605760
108805761
000006081
003206080
006406081
009606080
012806081
016006081
019206080
022406081
025606080
028806081
032006080
035206081
038406080
041606081
044806080
048006080
051206081
054406080
057606081
060806080
064006080
067206080
070406080
073606081
076806081
080006081
083206080
086406081
089606080
092806080
096006080
099206080
102406081
105606080
108806081
000006401
003206400
006406401
009606400
012806400
016006401
019206400
022406401
025606400
028806401
032006400
035206401
038406400
041606401
044806400
048006401
051206401
054406401
057606401
060806401
064006400
067206401
070406400
073606400
076806400
080006400
083206400
086406401
089606400
092806401
096006400
099206400
102406401
105606400
108806401
000006721
003206721
006406721
009606721
012806720
016006721
019206720
022406721
025606721
028806721
032006720
035206721
038406721
041606721
044806720
048006721
051206720
054406720
057606720
060806721
064006720
067206721
070406720
073606721
076806721
080006721
083206720
086406721
089606721
092806721
096006720
099206721
102406721
105606721
108806721
000007041
003207040
006407040
009607040
012807040
016007041
019207040
022407040
025607040
028807040
032007040
035207040
038407040
041607040
044807040
048007041
051207040
054407041
057607040
060807040
064007040
067207041
070407040
073607040
076807041
080007040
083207040
086407040
089607040
092807041
096007040
099207040
102407040
105607040
108807041
000007361
003207361
006407361
009607361
012807361
016007361
019207361
022407361
025607361
028807361
032007361
035207361
038407361
041607361
044807361
048007361
051207361
054407361
057607361
060807361
064007361
067207361
070407361
073607361
076807361
080007361
083207361
086407361
089607361
092807361
096007361
099207361
102407361
105607361
108807361

