000000001
003200001
006400001
009600001
012800001
016000001
019200001
022400001
025600001
028800001
032000001
035200001
038400001
041600001
044800001
048000001
051200001
054400001
057600001
060800001
064000001
067200001
070400001
073600001
076800001
080000001
083200001
086400001
089600001
092800001
096000001
099200001
102400001
105600001
108800001
000000321
003200320
006400320
009600320
012800320
016000320
019200320
022400320
025600320
028800320
032000320
035200321
038400320
041600321
044800320
048000320
051200320
054400320
057600320
060800321
064000320
067200320
070400320
073600320
076800320
080000320
083200320
086400320
089600320
092800321
096000320
099200320
102400320
105600320
108800321
000000641
003200640
006400641
009600640
012800640
016000641
019200641
022400641
025600640
028800641
032000640
035200640
038400640
041600640
044800640
048000641
051200640
054400641
057600640
060800640
064000640
067200640
070400641
073600641
076800641
080000641
083200640
086400641
089600640
092800641
096000640
099200641
102400641
105600640
108800641
000000961
003200960
006400961
009600961
012800960
016000961
019200960
022400961
025600960
028800961
032000961
035200961
038400960
041600961
044800960
048000961
051200961
054400961
057600961
060800960
064000961
067200960
070400960
073600960
076800960
080000960
083200960
086400961
089600960
092800960
096000960
099200961
102400960
105600960
108800961
000001281
003201280
006401280
009601281
012801280
016001281
019201280
022401281
025601280
028801280
032001280
035201281
038401280
041601280
044801280
048001281
051201280
054401280
057601280
060801280
064001281
067201280
070401281
073601280
076801281
080001281
083201281
086401281
089601281
092801281
096001281
099201281
102401281
105601281
108801281
000001601
003201601
006401601
009601601
012801601
016001601
019201600
022401601
025601601
028801601
032001601
035201601
038401600
041601601
044801601
048001601
051201601
054401601
057601601
060801601
064001601
067201600
070401601
073601600
076801601
080001600
083201601
086401600
089601600
092801600
096001600
099201600
102401600
105601600
108801601
000001921
003201920
006401920
009601920
012801920
016001920
019201920
022401920
025601920
028801920
032001920
035201920
038401920
041601920
044801920
048001920
051201920
054401920
057601920
060801920
064001920
067201920
070401921
073601920
076801920
080001920
083201921
086401920
089601921
092801921
096001921
099201921
102401921
105601920
108801921
000002241
003202241
006402241
009602241
012802241
016002240
019202241
022402241
025602241
028802240
032002241
035202241
038402240
041602241
044802241
048002240
051202241
054402241
057602240
060802241
064002241
067202241
070402241
073602241
076802241
080002240
083202241
086402240
089602241
092802240
096002240
099202240
102402240
105602240
108802241
000002561
003202560
006402560
009602560
012802561
016002560
019202560
022402560
025602561
028802560
032002560
035202560
038402560
041602560
044802561
048002560
051202560
054402560
057602560
060802561
064002560
067202560
070402560
073602560
076802560
080002560
083202560
086402560
089602561
092802560
096002561
099202561
102402561
105602560
108802561
000002881
003202881
006402881
009602880
012802881
016002881
019202881
022402880
025602881
028802881
032002881
035202881
038402881
041602880
044802881
048002880
051202881
054402881
057602880
060802881
064002880
067202881
070402881
073602881
076802880
080002881
083202881
086402881
089602881
092802881
096002881
099202880
102402881
105602880
108802881
000003201
003203200
006403200
009603200
012803200
016003200
019203200
022403200
025603201
028803200
032003200
035203200
038403200
041603200
044803201
048003200
051203201
054403200
057603200
060803201
064003200
067203200
070403200
073603200
076803200
080003200
083203200
086403200
089603200
092803200
096003201
099203200
102403201
105603200
108803201
000003521
003203521
006403521
009603521
012803521
016003521
019203521
022403520
025603521
028803521
032003520
035203521
038403520
041603521
044803521
048003521
051203521
054403521
057603521
060803521
064003521
067203521
070403520
073603521
076803521
080003521
083203520
086403521
089603521
092803520
096003520
099203520
102403520
105603520
108803521
000003841
003203840
006403840
009603840
012803840
016003840
019203840
022403840
025603840
028803841
032003840
035203840
038403840
041603840
044803840
048003840
051203840
054403840
057603840
060803840
064003840
067203841
070403840
073603840
076803840
080003840
083203840
086403840
089603841
092803840
096003841
099203840
102403841
105603840
108803841
000004161
003204161
006404161
009604161
012804160
016004161
019204161
022404161
025604161
028804161
032004160
035204161
038404161
041604160
044804161
048004160
051204161
054404161
057604161
060804160
064004161
067204160
070404161
073604160
076804161
080004160
083204161
086404161
089604161
092804161
096004161
099204161
102404161
105604161
108804161
000004481
003204480
006404480
009604480
012804480
016004480
019204480
022404480
025604480
028804480
032004480
035204480
038404480
041604480
044804480
048004480
051204481
054404480
057604480
060804480
064004481
067204480
070404480
073604480
076804481
080004480
083204480
086404480
089604480
092804480
096004480
099204480
102404480
105604480
108804481
000004801
003204801
006404801
009604801
012804801
016004800
019204801
022404801
025604801
028804800
032004801
035204801
038404801
041604801
044804800
048004801
051204801
054404801
057604801
060804800
064004801
067204801
070404801
073604800
076804801
080004800
083204801
086404801
089604801
092804800
096004801
099204801
102404800
105604801
108804801
000005121
003205120
006405121
009605120
012805120
016005120
019205120
022405120
025605121
028805120
032005120
035205120
038405120
041605120
044805120
048005120
051205120
054405120
057605121
060805120
064005120
067205120
070405120
073605120
076805120
080005120
083205120
086405120
089605120
092805120
096005120
099205121
102405120
105605120
108805121
000005441
003205440
006405441
009605441
012805441
016005441
019205441
022405440
025605441
028805440
032005441
035205440
038405441
041605441
044805441
048005441
051205441
054405440
057605441
060805441
064005441
067205440
070405441
073605441
076805441
080005440
083205441
086405440
089605441
092805441
096005440
099205441
102405441
105605441
108805441
000005761
003205760
006405760
009605760
012805760
016005760
019205761
022405760
025605761
028805760
032005761
035205760
038405760
041605760
044805760
048005760
051205761
054405760
057605761
060805760
064005760
067205760
070405760
073605760
076805760
080005760
083205761
086405760
089605760
092805760
096005760
099205760
102405760
105605760
108805761
000006081
003206081
006406081
009606080
012806081
016006080
019206081
022406080
025606081
028806080
032006081
035206081
038406081
041606081
044806081
048006080
051206080
054406080
057606081
060806081
064006081
067206081
070406081
073606081
076806080
080006081
083206081
086406080
089606081
092806081
096006081
099206081
102406080
105606081
108806081
000006401
003206400
006406400
009606400
012806401
016006400
019206400
022406400
025606401
028806400
032006400
035206400
038406400
041606400
044806401
048006400
051206401
054406400
057606401
060806400
064006400
067206400
070406400
073606401
076806400
080006401
083206400
086406400
089606400
092806400
096006401
099206400
102406400
105606400
108806401
000006721
003206721
006406721
009606720
012806721
016006721
019206721
022406720
025606721
028806721
032006721
035206721
038406721
041606720
044806721
048006720
051206721
054406720
057606721
060806721
064006721
067206721
070406720
073606721
076806720
080006720
083206720
086406721
089606721
092806720
096006721
099206720
102406721
105606720
108806721
000007041
003207040
006407040
009607040
012807040
016007040
019207040
022407040
025607041
028807040
032007040
035207040
038407040
041607040
044807041
048007040
051207040
054407040
057607041
060807040
064007040
067207040
070407040
073607040
076807040
080007041
083207040
086407040
089607041
092807040
096007040
099207040
102407041
105607040
108807041
000007361
003207361
006407361
009607361
012807361
016007361
019207361
022407361
025607361
028807361
032007361
035207361
038407361
041607361
044807361
048007361
051207361
054407361
057607361
060807361
064007361
067207361
070407361
073607361
076807361
080007361
083207361
086407361
089607361
092807361
096007361
099207361
102407361
105607361
108807361

