000000001
003200001
006400001
009600001
012800001
016000001
019200001
022400001
025600001
028800001
032000001
035200001
038400001
041600001
044800001
048000001
051200001
054400001
057600001
060800001
064000001
067200001
070400001
073600001
076800001
080000001
083200001
086400001
089600001
092800001
096000001
099200001
102400001
105600001
108800001
000000321
003200320
006400320
009600320
012800320
016000320
019200320
022400320
025600320
028800320
032000320
035200320
038400320
041600320
044800321
048000320
051200321
054400320
057600321
060800321
064000320
067200320
070400320
073600321
076800320
080000320
083200320
086400320
089600320
092800320
096000320
099200321
102400320
105600320
108800321
000000641
003200640
006400641
009600641
012800641
016000641
019200641
022400641
025600641
028800640
032000641
035200641
038400641
041600640
044800641
048000640
051200640
054400640
057600641
060800640
064000640
067200641
070400640
073600640
076800640
080000640
083200641
086400640
089600641
092800641
096000641
099200641
102400641
105600640
108800641
000000961
003200961
006400961
009600960
012800960
016000960
019200960
022400960
025600961
028800960
032000960
035200960
038400961
041600960
044800961
048000961
051200961
054400960
057600961
060800961
064000960
067200961
070400961
073600961
076800961
080000960
083200961
086400960
089600960
092800960
096000960
099200961
102400960
105600960
108800961
000001281
003201280
006401281
009601281
012801281
016001281
019201281
022401280
025601281
028801281
032001281
035201280
038401281
041601281
044801281
048001280
051201280
054401280
057601280
060801280
064001280
067201281
070401280
073601280
076801281
080001281
083201281
086401281
089601281
092801281
096001280
099201281
102401280
105601281
108801281
000001601
003201600
006401600
009601600
012801600
016001600
019201601
022401600
025601600
028801600
032001600
035201600
038401600
041601600
044801600
048001600
051201600
054401601
057601600
060801601
064001600
067201600
070401600
073601601
076801601
080001600
083201600
086401600
089601601
092801600
096001600
099201601
102401600
105601600
108801601
000001921
003201921
006401921
009601921
012801921
016001920
019201921
022401920
025601921
028801921
032001921
035201921
038401920
041601921
044801921
048001921
051201920
054401921
057601920
060801921
064001921
067201921
070401920
073601920
076801921
080001920
083201921
086401921
089601921
092801920
096001921
099201921
102401920
105601921
108801921
000002241
003202240
006402240
009602240
012802240
016002240
019202241
022402240
025602240
028802241
032002240
035202240
038402240
041602240
044802240
048002241
051202240
054402241
057602240
060802241
064002240
067202240
070402240
073602241
076802241
080002240
083202241
086402240
089602240
092802240
096002240
099202240
102402240
105602240
108802241
000002561
003202561
006402561
009602561
012802561
016002560
019202561
022402560
025602561
028802561
032002560
035202561
038402561
041602561
044802560
048002560
051202560
054402561
057602561
060802561
064002561
067202561
070402561
073602561
076802560
080002560
083202561
086402560
089602561
092802561
096002561
099202561
102402561
105602560
108802561
000002881
003202880
006402880
009602880
012802880
016002880
019202881
022402880
025602880
028802880
032002880
035202881
038402880
041602881
044802881
048002881
051202880
054402880
057602881
060802880
064002880
067202880
070402880
073602880
076802880
080002881
083202881
086402880
089602880
092802880
096002880
099202880
102402881
105602880
108802881
000003201
003203201
006403201
009603200
012803201
016003201
019203201
022403201
025603200
028803201
032003200
035203200
038403200
041603200
044803200
048003200
051203200
054403200
057603200
060803200
064003201
067203200
070403200
073603201
076803201
080003201
083203201
086403201
089603201
092803201
096003201
099203201
102403201
105603201
108803201
000003521
003203520
006403520
009603520
012803520
016003520
019203520
022403521
025603521
028803521
032003521
035203521
038403521
041603521
044803521
048003521
051203520
054403521
057603521
060803521
064003521
067203521
070403520
073603521
076803520
080003520
083203520
086403521
089603520
092803520
096003520
099203520
102403521
105603520
108803521
000003841
003203841
006403840
009603841
012803841
016003841
019203840
022403841
025603840
028803840
032003840
035203840
038403840
041603840
044803840
048003841
051203840
054403840
057603840
060803840
064003840
067203841
070403840
073603841
076803840
080003841
083203840
086403840
089603840
092803841
096003841
099203840
102403840
105603840
108803841
000004161
003204160
006404160
009604160
012804160
016004160
019204160
022404160
025604161
028804160
032004161
035204161
038404160
041604161
044804160
048004161
051204161
054404161
057604160
060804161
064004160
067204160
070404160
073604160
076804160
080004161
083204161
086404161
089604160
092804160
096004161
099204160
102404161
105604161
108804161
000004481
003204481
006404481
009604481
012804480
016004481
019204481
022404480
025604481
028804480
032004480
035204480
038404480
041604481
044804480
048004480
051204480
054404481
057604481
060804481
064004481
067204480
070404481
073604481
076804480
080004481
083204480
086404481
089604481
092804480
096004481
099204480
102404480
105604480
108804481
000004801
003204800
006404800
009604800
012804800
016004800
019204801
022404800
025604801
028804801
032004801
035204801
038404800
041604801
044804801
048004801
051204800
054404800
057604800
060804800
064004800
067204800
070404801
073604800
076804800
080004801
083204800
086404800
089604800
092804800
096004801
099204801
102404801
105604801
108804801
000005121
003205120
006405121
009605121
012805121
016005120
019205121
022405120
025605120
028805120
032005120
035205121
038405120
041605120
044805120
048005121
051205120
054405120
057605121
060805120
064005121
067205121
070405121
073605121
076805120
080005121
083205120
086405121
089605121
092805121
096005121
099205120
102405120
105605120
108805121
000005441
003205440
006405440
009605440
012805441
016005440
019205441
022405441
025605440
028805441
032005440
035205441
038405441
041605441
044805440
048005441
051205441
054405441
057605441
060805440
064005440
067205440
070405440
073605441
076805441
080005441
083205441
086405441
089605440
092805440
096005440
099205440
102405441
105605440
108805441
000005761
003205761
006405761
009605760
012805761
016005760
019205760
022405761
025605760
028805760
032005760
035205760
038405760
041605761
044805760
048005760
051205760
054405760
057605760
060805760
064005760
067205761
070405760
073605760
076805760
080005760
083205760
086405760
089605760
092805761
096005760
099205760
102405761
105605760
108805761
000006081
003206080
006406080
009606080
012806081
016006081
019206080
022406080
025606080
028806081
032006081
035206081
038406080
041606081
044806081
048006081
051206081
054406081
057606081
060806081
064006080
067206081
070406080
073606081
076806081
080006080
083206080
086406081
089606080
092806081
096006080
099206081
102406081
105606080
108806081
000006401
003206400
006406401
009606400
012806400
016006400
019206400
022406401
025606400
028806400
032006400
035206400
038406400
041606401
044806400
048006400
051206400
054406400
057606400
060806401
064006400
067206401
070406400
073606400
076806400
080006400
083206401
086406401
089606400
092806401
096006400
099206400
102406400
105606400
108806401
000006721
003206720
006406721
009606721
012806720
016006721
019206720
022406721
025606721
028806721
032006720
035206721
038406720
041606720
044806720
048006721
051206721
054406721
057606720
060806721
064006720
067206721
070406721
073606721
076806720
080006721
083206720
086406720
089606720
092806721
096006720
099206721
102406720
105606721
108806721
000007041
003207040
006407041
009607040
012807040
016007041
019207040
022407040
025607040
028807040
032007040
035207041
038407040
041607041
044807040
048007040
051207040
054407040
057607040
060807040
064007040
067207041
070407040
073607040
076807040
080007041
083207040
086407041
089607040
092807040
096007040
099207041
102407040
105607040
108807041
000007361
003207361
006407361
009607361
012807361
016007361
019207361
022407361
025607361
028807361
032007361
035207361
038407361
041607361
044807361
048007361
051207361
054407361
057607361
060807361
064007361
067207361
070407361
073607361
076807361
080007361
083207361
086407361
089607361
092807361
096007361
099207361
102407361
105607361
108807361

